825
0 200
1 200
2 200
3 200
4 200
5 200
6 200
7 200
7 201
8 201
9 201
10 201
11 202
12 202
13 202
14 202
15 202
16 202
17 202
18 202
19 202
20 202
22 202
23 202
24 202
26 202
27 202
28 202
29 202
30 202
31 202
32 202
35 202
37 202
39 202
40 202
42 202
44 202
46 202
47 202
48 202
49 202
50 202
51 202
52 202
53 202
54 202
55 202
56 202
57 202
58 202
59 202
61 202
63 202
64 202
66 202
67 202
69 201
70 201
71 201
72 201
73 201
74 201
75 201
76 201
77 201
78 201
79 201
80 201
80 200
81 199
82 198
82 197
83 196
84 196
84 195
84 194
83 193
83 192
83 191
83 190
82 189
82 188
82 187
82 186
81 186
81 185
81 184
81 183
80 183
80 182
80 181
80 180
80 179
80 178
80 177
81 176
81 175
81 174
81 173
81 172
81 171
81 170
80 170
80 169
80 168
80 167
80 166
80 165
80 164
80 163
80 162
80 161
80 160
80 159
80 158
80 157
80 156
80 155
80 154
80 153
80 152
80 151
80 150
80 149
81 148
81 147
81 146
81 145
81 144
81 143
81 142
81 141
81 140
81 139
80 139
80 138
80 137
80 136
80 135
80 134
80 133
80 132
80 131
80 130
80 129
80 128
80 127
81 127
81 126
81 125
81 124
81 123
81 122
81 120
81 119
81 118
81 117
81 116
82 116
82 115
82 114
82 113
82 112
82 111
82 110
82 109
82 108
82 107
82 106
82 105
82 104
82 103
82 102
82 101
82 100
82 98
81 98
81 97
81 96
81 94
81 93
81 92
81 90
81 89
81 88
81 87
81 85
81 84
81 83
81 82
81 81
81 80
80 80
81 80
82 80
83 80
84 80
85 80
86 80
87 80
89 80
90 80
91 80
92 80
93 80
94 80
95 80
96 80
97 80
98 80
99 80
100 80
101 80
102 80
103 80
104 80
106 80
107 80
108 80
109 80
110 80
111 80
112 80
113 80
114 80
115 80
116 80
118 80
119 80
120 80
121 80
122 81
123 81
124 81
125 81
126 81
127 82
128 82
129 82
130 82
131 82
132 82
133 81
134 81
135 81
137 81
138 81
139 81
140 81
141 81
142 81
142 80
143 80
145 80
147 80
149 80
151 80
153 80
155 80
158 80
161 80
162 80
163 80
164 80
165 80
167 80
168 80
170 80
171 80
172 80
173 80
175 80
177 80
178 80
179 80
180 80
182 80
183 80
184 80
185 80
186 80
187 80
188 80
189 80
190 80
191 80
192 80
193 80
194 80
195 80
196 80
197 80
198 80
199 80
200 80
201 80
202 80
203 80
204 80
205 80
206 80
206 82
206 83
206 84
206 85
206 86
207 86
207 87
207 88
208 89
208 90
208 91
208 92
209 92
209 93
209 94
209 95
209 96
209 97
209 98
209 99
209 100
208 100
208 101
208 102
207 103
207 104
206 104
206 105
206 106
206 107
206 108
206 109
206 110
205 111
205 112
205 113
205 114
205 115
205 116
205 117
205 118
205 119
205 120
205 121
205 122
205 123
205 124
205 125
205 126
205 127
205 128
205 129
205 130
204 130
204 131
204 132
204 133
204 134
204 135
204 136
204 137
204 138
203 139
203 140
203 141
203 142
203 143
203 144
203 145
203 146
203 147
203 148
203 149
203 150
203 151
203 152
202 152
202 153
202 154
201 154
201 155
201 156
201 157
201 158
201 159
201 160
201 161
201 162
201 163
201 164
201 165
201 167
201 168
201 169
201 170
201 171
201 172
201 173
201 174
201 175
201 176
201 177
201 178
201 179
201 180
201 181
201 182
201 183
201 184
201 185
201 186
201 187
201 188
201 189
201 190
202 190
202 191
202 192
202 193
202 194
202 195
201 195
201 196
201 197
201 198
201 199
201 200
201 201
201 202
201 203
201 204
201 205
201 206
201 207
201 208
201 209
201 210
201 211
201 212
201 213
201 214
201 215
201 216
201 217
201 218
201 219
201 220
202 220
202 221
202 222
202 223
202 224
202 225
202 226
202 227
202 228
202 229
202 230
202 231
203 231
203 232
203 233
203 234
203 235
203 236
203 237
203 238
204 238
205 238
206 238
207 238
208 238
208 239
209 239
210 239
210 240
211 240
212 240
213 240
214 240
215 240
216 240
217 241
218 241
219 241
220 241
221 241
222 241
224 241
225 241
226 241
227 241
229 241
230 241
231 241
232 241
233 241
234 241
235 241
236 241
237 241
238 241
239 240
240 240
241 240
242 240
243 240
244 240
245 240
247 240
249 240
251 240
253 240
255 240
256 240
258 240
261 240
262 240
264 240
265 241
267 241
268 241
270 241
272 241
274 241
275 241
277 241
278 241
279 241
280 241
281 241
283 241
284 241
287 241
288 241
292 241
295 242
297 242
300 242
302 242
304 242
306 242
307 242
308 242
309 242
310 242
311 242
312 242
313 242
314 242
315 242
316 242
317 242
318 242
319 242
321 242
322 242
323 242
324 242
325 242
326 242
327 242
328 242
329 242
331 241
332 241
333 241
334 241
335 241
335 240
336 240
337 240
338 240
339 240
340 240
341 240
342 240
343 240
344 240
345 240
346 240
347 239
348 239
349 239
350 239
351 239
352 239
353 239
354 239
355 239
356 239
357 239
358 239
359 239
360 239
361 239
362 239
362 237
362 236
362 235
362 234
361 234
361 233
360 233
360 232
360 231
360 230
360 229
360 228
360 227
360 225
360 224
361 224
361 223
361 222
361 221
361 220
361 219
361 218
360 218
360 217
360 216
359 215
359 214
358 214
358 213
358 212
358 211
357 211
357 210
357 209
357 208
357 207
357 206
357 205
357 204
357 203
357 202
357 201
357 200
357 199
357 198
357 197
357 196
357 195
357 194
357 193
357 192
357 191
357 189
356 188
356 187
356 186
356 185
356 184
356 183
356 181
357 178
357 177
357 176
358 175
358 174
357 174
357 173
357 172
357 171
357 170
357 169
357 168
357 167
357 166
357 165
357 164
357 163
357 162
358 161
361 161
362 161
364 161
364 160
365 160
366 161
367 161
368 161
370 161
371 161
372 161
373 161
374 161
375 161
377 161
381 161
384 161
386 161
388 161
389 161
390 161
391 161
394 161
398 162
404 162
407 162
408 162
409 162
411 162
413 162
416 162
417 162
418 162
419 162
421 162
423 162
424 162
426 162
427 162
428 161
429 160
434 160
438 159
441 159
445 158
449 158
451 158
454 157
457 157
459 157
460 157
461 157
462 157
463 157
465 156
466 156
468 156
470 156
471 156
472 156
474 156
476 156
478 156
479 156
481 156
483 156
485 156
488 156
489 156
491 156
493 156
496 156
498 157
499 157
500 157
501 157
502 157
505 157
506 158
508 158
509 159
510 159
511 159
512 159
512 160
513 160
514 160
515 160
516 160
517 160
518 160
519 161
520 161
522 161
523 162
524 162
525 162
526 162
528 162
530 162
533 162
534 162
536 162
537 162
539 162
540 162
542 162
545 162
548 162
549 162
550 162
551 162
552 162
554 162
557 162
558 162
559 162
560 162
561 162
562 162
563 162
565 162
566 162
568 162
570 161
571 161
572 161
573 161
575 160
577 160
579 160
580 160
581 160
582 160
583 160
585 160
587 160
588 160
589 160
591 160
592 160
593 160
594 160
595 160
596 160
598 160
599 160
